200 101
1 75 0
8 90 1
175 174 0
30 73 1
107 108 0
64 77 0
9 57 0
84 50 1
191 50 1
138 135 1
44 197 0
96 84 1
99 178 1
178 174 0
153 152 1
51 65 1
122 88 0
196 197 0
25 130 1
89 180 0
13 147 0
156 155 1
141 67 1
64 123 0
154 152 0
132 131 1
146 147 0
7 38 0
120 121 1
139 144 0
10 193 1
75 161 0
94 72 1
67 3 1
26 79 1
85 27 0
175 62 1
91 29 1
141 4 1
162 163 0
71 196 1
79 153 0
200 72 1
200 24 0
111 110 1
140 139 1
58 97 1
87 62 0
17 9 0
197 35 0
182 183 0
12 28 0
154 155 1
88 86 0
114 115 1
123 77 1
72 24 1
129 100 1
73 144 0
172 57 0
80 85 0
99 80 1
190 189 0
145 29 0
177 176 1
129 130 1
195 41 0
185 18 0
191 84 1
135 102 1
165 14 1
137 37 1
97 184 1
14 78 0
70 40 1
150 22 0
179 168 0
13 46 1
76 114 1
136 137 1
85 177 1
147 46 1
5 61 1
170 171 1
152 102 1
61 199 0
101 77 0
137 92 0
48 167 1
179 180 1
187 188 1
126 128 0
58 40 1
136 15 0
86 121 1
161 160 1
89 23 1
169 170 1
60 171 1
23 99 0
198 194 1
88 64 1
56 185 0
54 113 0
126 127 0
158 155 1
47 95 0
157 63 1
24 32 0
56 97 0
87 173 1
39 81 1
190 191 1
98 43 1
163 164 1
166 11 0
44 71 1
63 75 1
7 134 0
62 27 0
12 95 0
53 74 1
25 100 0
167 33 0
19 76 1
76 34 1
124 125 1
182 52 0
6 113 0
183 185 0
55 53 1
43 38 0
2 41 0
128 28 0
3 31 0
73 91 0
15 92 1
43 133 0
37 92 0
151 36 1
189 45 0
195 196 1
68 83 1
115 116 0
106 105 0
34 111 1
82 163 0
132 16 0
28 100 1
199 32 0
142 140 0
169 168 0
20 42 0
183 184 0
25 69 1
144 145 1
150 149 0
93 108 0
112 111 1
10 66 0
109 51 0
173 174 0
60 11 0
121 122 1
101 120 0
67 4 1
159 158 1
66 35 0
164 78 0
124 119 1
128 129 0
189 188 0
11 48 1
103 119 1
69 131 0
172 173 1
68 36 0
117 115 1
30 31 0
177 27 0
56 18 1
156 157 1
65 108 0
55 116 0
118 117 1
171 17 0
116 19 1
150 151 1
126 125 1
46 22 0
156 26 0
26 21 0
16 69 0
98 132 1
180 70 1
5 2 0
193 192 0
1 161 1
134 133 0
139 138 1
68 151 0
165 164 1
32 61 1
130 131 1
78 82 1
93 65 1
105 94 0
70 89 0
110 109 0
127 12 1
153 39 1
167 166 1
71 41 0
146 148 1
120 119 1
166 162 1
66 193 0
157 21 1
127 95 1
186 200 0
198 2 0
187 186 1
52 96 0
181 40 0
30 142 1
45 50 1
31 143 1
165 90 0
48 33 0
186 154 1
7 15 0
107 20 1
160 159 1
195 194 1
59 101 0
80 176 1
83 149 0
112 113 0
125 47 1
140 141 1
143 142 1
57 87 0
148 81 1
145 91 0
148 149 1
117 53 0
162 159 1
102 103 1
179 181 1
143 3 0
42 94 1
49 112 0
47 86 1
168 158 1
33 82 0
51 49 1
176 175 0
6 54 1
22 36 0
110 114 0
21 63 1
146 138 0
90 14 1
133 124 0
4 37 1
19 55 1
79 39 0
9 170 0
103 104 0
38 134 0
184 58 0
54 34 0
93 20 0
98 16 1
182 181 1
81 83 0
187 199 0
18 52 0
178 23 1
123 122 1
42 106 0
107 106 1
198 5 1
135 136 0
59 118 1
10 45 1
59 74 0
105 104 0
13 29 1
104 109 1
44 35 0
172 169 1
188 192 0
96 190 0
160 8 1
192 194 0
60 17 1
8 1 0
49 6 1
74 118 1
